0;0.060000
1;0.060000
2;0.042000
3;0.039015
4;0.034649
5;0.035395
6;0.047716
7;0.033048
8;0.079447
9;0.031942
10;0.033098
11;0.024310
12;0.023121
13;0.017334
14;0.012915
15;0.031651
16;0.008894
17;0.011115
18;0.009306
19;0.026456
20;0.016626
21;0.023210
22;0.027453
23;0.005702
24;0.033916
25;0.011625
26;0.007964
27;0.002817
28;0.008630
29;0.005729
30;0.005242
31;0.023602
32;0.023861
33;0.013815
34;0.040034
35;0.005438
36;0.002364
37;0.004356
38;0.004557
39;0.006198
40;0.003240
41;0.014751
42;0.008022
43;0.016465
44;0.005243
45;0.009425
46;0.004718
47;0.006504
48;0.005690
49;0.006604
50;0.009360
51;0.002057
52;0.006971
53;0.003622
54;0.005890
55;0.004974
56;0.016137
57;0.018803
58;0.005815
59;0.001913
60;0.009341
61;0.005950
62;0.005462
63;0.001258
64;0.007860
65;0.003375
66;0.006538
67;0.004949
68;0.005320
69;0.004620
70;0.000951
71;0.003424
72;0.003987
73;0.008556
74;0.005104
75;0.004266
76;0.002388
77;0.003086
