0;46
1;17
2;3
3;19
4;14
5;53
6;102
7;67
8;50
9;34
10;9
0;46
1;17
2;3
3;19
4;14
5;53
6;102
7;67
8;50
9;34
10;9
0;92
1;47
2;62
3;56
4;56
5;44
6;41
7;33
8;37
9;4
10;114
11;23
0;95
1;6
2;2
3;4
4;75
5;33
6;80
7;6
8;21
9;27
0;159
1;76
2;2
3;23
4;139
5;80
6;28
7;48
0;128
1;22
2;19
3;9
4;15
5;26
6;72
7;26
8;18
9;21
10;3
11;18
12;50
13;7
14;23
15;12
16;146
17;22
18;20
19;132
20;5
21;22
22;6
23;52
24;98
0;1
1;7
2;8
3;40
4;1
5;70
6;14
7;11
8;32
9;29
10;24
11;37
12;15
0;144
1;12
2;92
3;44
4;42
5;51
6;26
7;30
8;82
9;37
10;4
11;135
12;20
13;38
14;15
0;54
1;57
2;12
3;7
4;50
5;15
6;8
7;86
8;13
9;190
10;79
11;1
12;33
13;11
14;2
15;11
0;120
1;39
2;12
3;81
4;2
5;45
6;10
7;18
8;9
0;24
1;18
2;208
3;30
4;9
5;11
6;46
7;73
8;16
9;15
10;15
11;3
12;2
13;5
14;83
0;107
1;8
2;10
3;1
4;12
5;35
6;18
7;27
8;56
0;35
1;62
2;11
3;73
4;57
5;5
6;32
7;2
8;5
9;16
10;4
11;33
12;21
13;10
14;55
15;2
16;28
17;60
0;10
1;43
2;34
3;13
4;46
5;22
6;159
0;40
1;33
2;52
3;30
4;128
5;36
6;17
7;22
8;55
9;111
10;160
0;4
1;26
2;105
3;26
4;21
5;30
6;7
7;7
8;3
0;28
1;3
2;2
3;7
4;115
5;14
6;18
7;17
8;31
9;33
10;30
11;34
12;46
13;44
14;33
15;75
16;30
17;117
18;219
19;8
20;6
21;7
22;24
23;3
24;139
25;159
26;99
27;2
28;23
29;26
30;4
31;1
32;29
33;18
0;7
1;34
2;2
3;107
4;55
5;40
6;2
0;18
1;9
2;7
3;123
4;20
5;146
6;13
7;12
8;61
9;96
10;43
11;15
12;18
13;5
14;38
15;43
16;5
17;36
18;43
19;13
20;13
21;8
22;55
23;5
24;54
25;18
26;26
27;83
28;19
29;38
30;20
31;1
32;9
33;143
0;10
1;2
2;1
3;7
4;13
5;48
6;1
7;16
8;62
9;18
10;5
11;46
12;24
13;3
0;15
1;30
2;45
3;30
4;1
5;7
6;111
0;42
1;6
2;4
3;18
4;32
5;28
6;22
7;3
8;2
9;51
10;47
0;8
1;11
2;47
3;122
4;7
5;52
0;36
1;108
2;38
3;21
4;30
5;76
6;16
7;19
8;1
9;38
10;27
11;28
12;3
13;1
0;50
1;1
2;8
3;2
4;32
5;9
6;20
7;38
8;3
9;34
0;35
1;13
2;8
3;8
4;47
5;2
6;1
7;25
8;112
9;3
10;27
11;5
12;60
13;93
14;4
15;87
16;30
17;28
18;121
19;14
20;3
21;34
22;21
23;28
0;40
1;95
2;93
3;2
4;35
5;2
6;11
7;7
8;45
9;82
10;11
11;48
12;3
13;53
14;3
15;9
16;12
17;11
18;14
19;117
20;4
21;13
22;141
23;13
24;75
0;2
1;42
2;55
3;73
4;77
5;117
6;32
7;20
8;2
9;35
10;35
0;346
1;1
2;23
3;32
4;44
5;2
6;57
7;8
8;6
9;7
10;16
11;12
12;80
13;3
14;34
15;18
0;13
1;35
2;67
3;6
4;23
5;51
6;66
0;49
1;106
2;5
3;71
4;7
5;2
6;24
7;3
8;1
9;17
10;20
11;22
12;12
13;1
0;14
1;52
2;21
3;7
4;48
5;4
6;17
7;4
8;27
9;9
10;31
0;23
1;16
2;22
3;65
4;1
5;104
6;19
7;17
0;80
1;2
2;80
3;26
4;12
5;61
6;53
7;1
8;10
9;17
10;31
11;40
12;67
13;18
0;22
1;35
2;12
3;32
4;2
5;10
6;21
7;21
8;42
9;6
10;124
11;1
0;7
1;3
2;3
3;7
4;2
5;7
6;140
7;23
8;17
0;6
1;49
2;87
3;7
4;23
5;111
6;21
0;20
1;13
2;23
3;2
4;7
5;47
6;15
7;31
8;35
9;2
10;27
11;2
12;24
13;2
14;2
0;43
1;16
2;12
3;93
4;8
5;2
6;21
7;50
8;15
9;71
10;24
0;1
1;7
2;2
3;6
4;76
5;9
6;130
7;1
8;13
0;162
1;64
2;49
3;303
4;10
5;105
0;3
1;21
2;1
3;63
4;102
5;19
6;23
7;50
8;16
9;16
10;147
11;5
12;43
0;1
1;3
2;10
3;58
4;25
5;13
6;31
7;1
8;21
9;84
10;80
0;14
1;20
2;95
3;9
4;15
5;47
6;33
7;11
8;5
9;31
10;27
0;33
1;26
2;16
3;23
4;5
5;12
6;10
7;1
8;91
9;8
10;112
11;24
12;72
13;17
14;45
15;89
16;57
17;9
18;17
19;23
20;23
21;36
0;12
1;22
2;35
3;140
4;23
5;3
0;35
1;5
2;6
3;9
4;9
5;13
6;81
7;12
8;3
9;19
10;83
11;64
12;63
13;6
14;21
15;35
16;2
17;19
18;54
19;12
0;49
1;27
2;16
3;5
4;73
5;121
6;20
7;38
0;42
1;25
2;54
3;6
4;10
5;30
6;11
7;4
8;69
9;69
10;24
11;22
12;21
13;8
14;31
15;10
16;3
17;96
18;26
19;11
0;18
1;17
2;1
3;60
4;242
5;33
