0;46
1;55
2;54
3;2
4;78
5;88
6;96
0;46
1;55
2;54
3;2
4;78
5;88
6;96
0;92
1;153
2;13
3;24
4;26
5;20
6;39
7;24
8;6
9;33
10;29
11;110
12;13
0;95
1;4
2;1
3;2
4;4
5;11
6;10
7;2
8;14
9;7
10;26
11;54
12;60
13;17
14;11
15;76
16;6
0;159
1;34
2;7
3;133
4;5
5;136
6;15
0;128
1;23
2;37
3;43
4;6
5;25
6;2
7;28
8;22
9;45
10;13
11;34
12;2
13;14
0;1
1;7
2;8
3;40
4;1
5;24
0;144
1;83
2;21
3;49
4;89
5;36
6;30
7;48
8;56
9;26
10;4
0;54
1;165
2;27
3;42
4;5
5;1
0;120
1;25
2;16
3;29
4;36
5;2
6;21
7;16
8;45
9;26
0;24
1;18
2;73
3;4
4;11
5;2
0;107
1;31
2;11
3;5
4;21
5;126
6;2
7;5
8;86
9;76
10;32
11;26
12;46
13;39
14;27
15;8
16;6
0;35
1;44
2;1
3;2
4;47
5;24
6;17
7;10
8;83
9;148
10;46
11;31
12;28
13;18
14;22
15;93
16;1
17;3
18;25
19;21
20;40
21;2
22;6
23;9
24;46
0;10
1;43
2;34
3;14
4;32
5;11
6;2
7;26
8;7
9;63
10;12
11;55
12;17
13;82
0;40
1;33
2;89
3;38
4;19
5;63
6;28
7;30
0;4
1;61
2;1
3;24
4;27
5;2
6;1
7;9
8;238
9;23
0;28
1;3
2;2
3;20
4;136
5;12
6;8
0;7
1;54
2;188
3;109
4;6
5;11
6;86
7;13
0;18
1;9
2;22
3;28
4;6
5;6
6;8
7;19
8;6
9;20
0;10
1;2
2;1
3;8
4;58
5;37
6;216
7;10
8;36
0;15
1;48
2;7
3;29
4;151
5;4
0;42
1;7
2;22
3;23
4;39
5;36
6;124
0;8
1;59
2;123
3;59
4;4
5;48
6;2
7;71
8;67
9;40
10;105
11;14
12;3
13;62
14;4
15;17
16;11
17;16
18;23
19;3
20;13
21;15
22;2
23;24
24;6
0;36
1;50
2;5
3;25
4;9
5;25
6;11
7;27
8;23
9;2
10;14
11;33
12;45
13;47
14;20
0;50
1;1
2;8
3;2
4;34
5;23
6;58
7;59
8;64
9;22
10;94
11;2
0;35
1;41
2;65
3;28
4;83
0;40
1;115
2;17
3;56
0;2
1;42
2;34
3;3
4;64
5;7
6;11
7;29
0;346
1;1
2;25
3;31
4;1
5;30
6;12
7;94
8;2
0;13
1;20
2;28
3;12
4;31
5;13
6;7
7;11
8;5
9;49
10;41
0;49
1;110
2;14
3;49
0;14
1;100
2;30
3;3
4;17
5;41
6;8
7;17
8;9
9;5
10;47
0;23
1;100
2;20
3;15
4;2
5;5
6;18
7;3
8;61
9;14
10;38
11;6
12;47
13;10
14;6
15;13
16;71
17;27
18;1
19;4
20;109
0;80
1;2
2;8
3;127
4;100
5;3
6;57
7;54
8;5
9;26
10;42
11;78
12;108
0;22
1;77
2;4
3;47
4;3
5;28
6;10
7;15
8;28
9;43
10;2
11;47
0;7
1;3
2;3
3;8
4;2
5;22
6;14
7;5
8;19
9;41
10;1
11;3
12;24
13;2
14;2
15;39
0;6
1;42
2;60
3;36
4;10
5;17
0;20
1;3
2;13
3;23
4;1
5;3
6;21
7;9
8;6
0;43
1;28
2;16
3;36
4;2
5;36
6;71
7;16
8;2
9;5
10;41
11;113
12;8
13;7
14;7
15;10
16;10
17;3
18;18
19;5
0;1
1;7
2;2
3;6
4;108
5;67
0;162
1;17
2;15
3;28
4;36
5;123
6;6
0;3
1;21
2;1
3;88
4;2
5;32
6;24
7;15
8;44
9;84
10;33
11;4
12;11
0;1
1;3
2;36
3;40
4;111
5;4
6;90
7;5
8;36
9;2
10;117
11;51
12;63
13;12
0;14
1;50
2;36
3;28
4;9
5;14
6;35
7;11
0;33
1;14
2;28
3;24
4;17
5;10
6;1
7;29
8;2
9;26
10;1
11;21
12;2
13;20
14;18
15;22
16;23
17;14
18;13
19;12
20;23
21;72
22;2
23;43
24;16
0;12
1;22
2;140
3;7
4;2
5;8
6;7
7;71
8;94
9;3
10;14
11;20
12;11
13;17
14;15
0;35
1;3
2;13
3;34
4;8
5;84
0;49
1;27
2;111
3;38
4;3
5;68
6;36
7;1
0;42
1;61
2;67
3;15
4;12
5;72
6;55
0;18
1;79
2;28
3;36
4;25
