%#define ALPHA 	0.3
%#define GAMMA 	0.7
%#define EPSILON 0.06
%#define NB_PAS 5
%#define REWARD_VALUE 0.2
%#define DISTANCE 10 
%#define ECTYPE 30   
%#define VAR 0
%vect avec 1 val à 1
%#define RWX 3
%#define RWY 3

%%%%%%%%%%%%%%%%%%%%%%%%%%%%%%%%%%%%%%%%%%%

0;39781;7451;
1;39781;7451;
2;18935;3315;
3;38546;7347;
4;21953;4146;
5;24545;4455;
6;7448;1305;
7;11386;2131;
8;27467;5080;
9;15882;2760;
10;30574;5595;
11;14412;2699;
12;27953;5353;
13;20730;3952;
14;9038;1648;
15;48628;9364;
16;23155;4304;
17;24973;4635;
18;23557;4462;
19;28366;5293;
20;30326;5826;
21;3755;646;
22;15753;2959;
23;55018;10359;
24;16295;2763;
25;8478;1460;
26;17437;3004;
27;9678;1805;
28;6188;1036;
29;12876;2342;
30;18434;3503;
31;27633;4947;
32;26699;4934;
33;24603;4481;
34;16917;2978;
35;31920;6000;
36;14905;2717;
37;31391;5809;
38;21488;3960;
39;15946;2830;
40;46454;8975;
41;29726;5138;
42;16525;3005;
43;17935;3145;
44;9612;1815;
45;17333;3292;
46;21273;3932;
47;25200;4151;
48;10552;1824;
49;12793;2461;
