0;33794;5272;
1;33794;5272;
2;3958;561;
3;12988;1956;
4;318;28;
5;21027;3122;
6;5773;832;
7;86229;13435;
8;1403;163;
9;34142;5119;
10;1681;167;
11;16175;2412;
12;6390;954;
13;12572;1866;
14;24984;3724;
15;2593;374;
16;5832;838;
17;3268;485;
18;32084;4743;
19;42439;6327;
20;38132;5818;
21;9121;1302;
22;31071;4596;
23;620;38;
24;21164;3198;
25;5874;906;
26;8273;1218;
27;14026;2131;
28;1975;216;
29;904;114;
30;29129;4286;
31;29783;4422;
32;664;65;
33;30117;4622;
34;10205;1465;
35;12458;1828;
36;383;24;
37;25206;3758;
38;22662;3361;
39;943;123;
40;643;20;
41;31342;4657;
42;5948;941;
43;10277;1523;
44;18780;2780;
45;8010;1185;
46;18328;2842;
47;382;29;
48;18142;2664;
49;15167;2299;
