0;401;8;
1;401;8;
2;519;9;
3;437;14;
4;813;15;
5;446;13;
6;638;14;
7;333;7;
8;2011;63;
9;658;14;
10;546;11;
11;458;8;
12;278;13;
13;523;10;
14;322;6;
15;371;7;
16;359;14;
17;545;8;
18;393;10;
19;555;10;
20;338;7;
21;417;18;
22;517;16;
23;507;8;
24;607;8;
25;603;12;
26;223;4;
27;330;5;
28;544;8;
29;327;9;
30;239;8;
31;192;6;
32;229;7;
33;725;18;
34;542;20;
35;563;18;
36;864;19;
37;199;8;
38;877;21;
39;385;14;
40;1010;17;
41;429;9;
42;259;8;
43;895;24;
44;406;9;
45;749;19;
46;514;15;
47;1066;25;
48;356;7;
49;566;12;
