0;703;10;
1;703;10;
2;467;6;
3;810;12;
4;502;10;
5;621;8;
6;305;7;
7;396;7;
8;592;15;
9;488;12;
10;469;15;
11;1053;24;
12;396;10;
13;470;10;
14;318;7;
15;361;9;
16;445;12;
17;373;16;
18;419;8;
19;461;10;
20;758;9;
21;470;14;
22;245;10;
23;1182;38;
24;520;15;
25;737;11;
26;551;16;
27;432;8;
28;651;8;
29;522;10;
30;377;15;
31;584;14;
32;265;12;
33;756;11;
34;861;18;
35;529;14;
36;719;6;
37;626;19;
38;337;8;
39;297;10;
40;755;11;
41;322;13;
42;772;30;
43;499;11;
44;774;17;
45;412;11;
46;495;14;
47;806;12;
48;569;14;
49;546;13;
