%#define ALPHA 	0.3
%#define GAMMA 	0.7
%#define EPSILON 0.06
%#define NB_PAS 5
%#define REWARD_VALUE 0.2
%#define DISTANCE 10 
%#define ECTYPE 30   
%#define	VAR 0
%vect avec 1 val à 1
%#define RWX 3
%#define RWY 3

%%%%%%%%%%%%%%%%%%%%%%%%%%%%%%%%%%%%%%%%%%%

0;14089;2627;
1;14089;2627;
2;23484;4458;
3;44562;8620;
4;26854;5079;
5;25765;4972;
6;27308;5074;
7;6124;1096;
8;5168;960;
9;862;156;
10;15799;2961;
11;13873;2600;
12;27943;5363;
13;513;78;
14;4034;763;
15;48856;9471;
16;19850;3740;
17;7332;1323;
18;22800;4224;
19;31648;6079;
20;4435;803;
21;18942;3531;
22;15708;3004;
23;8317;1586;
24;24985;4271;
25;22439;4294;
26;30637;5782;
27;59113;11482;
28;4050;701;
29;9344;1650;
30;28617;5389;
31;18207;3416;
32;11380;2109;
33;43650;8268;
34;14959;2671;
35;6179;1159;
36;9700;1785;
37;9343;1765;
38;999;167;
39;16255;3073;
40;13519;2571;
41;18920;3564;
42;17972;3380;
43;16599;2952;
44;9581;1846;
45;13328;2394;
46;24072;4653;
47;13382;2442;
48;416;65;
49;9433;1734;
