0;480;11;
1;480;11;
2;626;12;
3;352;10;
4;570;8;
5;996;25;
6;318;13;
7;845;15;
8;637;16;
9;450;9;
10;583;15;
11;506;9;
12;552;18;
13;363;7;
14;746;11;
15;336;9;
16;1472;34;
17;453;7;
18;1268;34;
19;372;14;
20;250;7;
21;289;11;
22;271;6;
23;504;14;
24;219;10;
25;816;24;
26;950;25;
27;568;11;
28;723;16;
29;353;7;
30;408;14;
31;344;11;
32;314;8;
33;534;14;
34;379;12;
35;240;9;
36;309;7;
37;287;15;
38;373;11;
39;298;9;
40;701;6;
41;551;13;
42;391;11;
43;355;11;
44;758;22;
45;266;6;
46;598;20;
47;431;8;
48;574;20;
49;469;6;
