0;19713;3;
1;19713;3;
2;5914;2;
3;5485;7;
4;417;3;
5;3540;3;
6;2344;3;
7;4587;3;
8;2480;5;
9;4528;4;
10;15695;10;
11;13883;5;
12;214;2;
13;743;10;
14;208;5;
15;268;3;
16;395;5;
17;151;2;
18;3537;5;
19;11654;3;
20;9932;2;
21;172;3;
22;1361;2;
23;4934;2;
24;196;2;
25;1757;3;
26;7985;6;
27;157;1;
28;159;4;
29;7356;4;
30;2052;4;
31;10614;5;
32;2932;3;
33;292;3;
34;191;3;
35;720;3;
36;297;3;
37;325;3;
38;295;3;
39;16690;4;
40;260;5;
41;174;3;
42;504;5;
43;16110;2;
44;4211;4;
45;3221;6;
46;12494;3;
47;372;4;
48;1990;3;
49;392;2;
