0;140039;17287;
1;140039;17287;
2;141083;17504;
3;144436;17284;
4;84805;9917;
5;131193;16088;
6;142825;17119;
7;165536;20586;
8;119775;14133;
9;142470;17487;
10;152053;18687;
11;183100;22522;
12;181449;22112;
13;119166;14076;
14;175124;21354;
15;170824;20865;
16;128218;15609;
17;138686;16484;
18;275885;34627;
19;91713;10328;
20;91582;11032;
21;163009;20059;
22;311752;39137;
23;130986;15701;
24;185832;22984;
25;217041;27017;
26;179990;22224;
27;178494;22175;
28;85639;10167;
29;229884;28396;
30;232694;28682;
31;147575;17472;
32;123485;15242;
33;157671;19381;
34;181630;22505;
35;217855;26744;
36;124391;15277;
37;177959;21892;
38;90421;10812;
39;151363;18135;
40;92726;11063;
41;122916;14591;
42;149960;18207;
43;96441;11160;
44;126851;15337;
45;129431;15743;
46;179855;22327;
47;157015;19150;
48;103965;12302;
49;187961;23419;
