0;1830662;291366;
1;1830662;291366;
2;552282;87514;
3;150693;23490;
4;788382;125486;
5;853750;135757;
6;1006736;159805;
7;2449786;389748;
8;4405726;701316;
9;384812;60893;
10;3905459;621538;
11;2508774;398747;
12;2099530;334227;
13;5453446;868280;
14;103474;16212;
15;940650;149825;
16;610567;96743;
17;298658;47285;
18;372917;58961;
19;723347;114649;
20;865625;137304;
21;657457;104560;
22;608103;96562;
23;683210;108334;
24;1619059;257484;
25;2735380;435293;
26;2870462;456832;
27;1144925;181802;
28;1952745;310244;
29;372534;58914;
30;123513;19289;
31;2378990;378188;
32;1190167;189182;
33;632839;100553;
34;2775420;441778;
35;232596;36686;
36;1465278;233400;
37;632704;100623;
38;3249419;517523;
39;2548332;405780;
40;538141;85561;
41;288626;45440;
42;737948;117169;
43;335531;53010;
44;97393;15254;
45;217307;34492;
46;201550;32029;
47;1801580;286696;
48;1363639;216243;
49;2207217;351196;
